t	s	i
0	0.9	0.1
0.01	0.899795	0.099795
0.02	0.899591	0.0995905
0.03	0.899387	0.0993865
0.04	0.899183	0.0991831
0.05	0.89898	0.0989801
0.06	0.898778	0.0987777
0.07	0.898576	0.0985757
0.08	0.898374	0.0983743
0.09	0.898173	0.0981733
0.1	0.897973	0.0979729
0.11	0.897773	0.0977729
0.12	0.897573	0.0975735
0.13	0.897374	0.0973745
0.14	0.897176	0.097176
0.15	0.896978	0.096978
0.16	0.896781	0.0967806
0.17	0.896584	0.0965836
0.18	0.896387	0.0963871
0.19	0.896191	0.096191
0.2	0.895995	0.0959955
0.21	0.8958	0.0958004
0.22	0.895606	0.0956058
0.23	0.895412	0.0954117
0.24	0.895218	0.0952181
0.25	0.895025	0.095025
0.26	0.894832	0.0948323
0.27	0.89464	0.0946401
0.28	0.894448	0.0944484
0.29	0.894257	0.0942571
0.3	0.894066	0.0940663
0.31	0.893876	0.093876
0.32	0.893686	0.0936861
0.33	0.893497	0.0934967
0.34	0.893308	0.0933078
0.35	0.893119	0.0931193
0.36	0.892931	0.0929313
0.37	0.892744	0.0927438
0.38	0.892557	0.0925567
0.39	0.89237	0.09237
0.4	0.892184	0.0921838
0.41	0.891998	0.0919981
0.42	0.891813	0.0918128
0.43	0.891628	0.091628
0.44	0.891444	0.0914436
0.45	0.89126	0.0912597
0.46	0.891076	0.0910762
0.47	0.890893	0.0908931
0.48	0.890711	0.0907105
0.49	0.890528	0.0905284
0.5	0.890347	0.0903466
0.51	0.890165	0.0901653
0.52	0.889984	0.0899845
0.53	0.889804	0.0898041
0.54	0.889624	0.0896241
0.55	0.889445	0.0894446
0.56	0.889265	0.0892654
0.57	0.889087	0.0890868
0.58	0.888909	0.0889085
0.59	0.888731	0.0887307
0.6	0.888553	0.0885533
0.61	0.888376	0.0883763
0.62	0.8882	0.0881998
0.63	0.888024	0.0880236
0.64	0.887848	0.0878479
0.65	0.887673	0.0876727
0.66	0.887498	0.0874978
0.67	0.887323	0.0873233
0.68	0.887149	0.0871493
0.69	0.886976	0.0869757
0.7	0.886802	0.0868025
0.71	0.88663	0.0866297
0.72	0.886457	0.0864573
0.73	0.886285	0.0862854
0.74	0.886114	0.0861138
0.75	0.885943	0.0859426
0.76	0.885772	0.0857719
0.77	0.885602	0.0856016
0.78	0.885432	0.0854316
0.79	0.885262	0.0852621
0.8	0.885093	0.085093
0.81	0.884924	0.0849242
0.82	0.884756	0.0847559
0.83	0.884588	0.0845879
0.84	0.88442	0.0844204
0.85	0.884253	0.0842533
0.86	0.884087	0.0840865
0.87	0.88392	0.0839202
0.88	0.883754	0.0837542
0.89	0.883589	0.0835886
0.9	0.883423	0.0834234
0.91	0.883259	0.0832586
0.92	0.883094	0.0830942
0.93	0.88293	0.0829302
0.94	0.882767	0.0827666
0.95	0.882603	0.0826033
0.96	0.88244	0.0824405
0.97	0.882278	0.082278
0.98	0.882116	0.0821159
0.99	0.881954	0.0819541
1	0.881793	0.0817928
1.01	0.881632	0.0816318
1.02	0.881471	0.0814712
1.03	0.881311	0.081311
1.04	0.881151	0.0811511
1.05	0.880992	0.0809917
1.06	0.880833	0.0808326
1.07	0.880674	0.0806738
1.08	0.880515	0.0805155
1.09	0.880357	0.0803575
1.1	0.8802	0.0801998
1.11	0.880043	0.0800426
1.12	0.879886	0.0798857
1.13	0.879729	0.0797291
1.14	0.879573	0.079573
1.15	0.879417	0.0794171
1.16	0.879262	0.0792617
1.17	0.879107	0.0791066
1.18	0.878952	0.0789519
1.19	0.878798	0.0787975
1.2	0.878643	0.0786435
1.21	0.87849	0.0784898
1.22	0.878337	0.0783365
1.23	0.878184	0.0781836
1.24	0.878031	0.078031
1.25	0.877879	0.0778787
1.26	0.877727	0.0777268
1.27	0.877575	0.0775753
1.28	0.877424	0.0774241
1.29	0.877273	0.0772732
1.3	0.877123	0.0771227
1.31	0.876973	0.0769725
1.32	0.876823	0.0768227
1.33	0.876673	0.0766733
1.34	0.876524	0.0765241
1.35	0.876375	0.0763753
1.36	0.876227	0.0762269
1.37	0.876079	0.0760788
1.38	0.875931	0.075931
1.39	0.875784	0.0757836
1.4	0.875636	0.0756365
1.41	0.87549	0.0754897
1.42	0.875343	0.0753433
1.43	0.875197	0.0751972
1.44	0.875051	0.0750514
1.45	0.874906	0.074906
1.46	0.874761	0.0747609
1.47	0.874616	0.0746161
1.48	0.874472	0.0744717
1.49	0.874328	0.0743276
1.5	0.874184	0.0741838
1.51	0.87404	0.0740403
1.52	0.873897	0.0738972
1.53	0.873754	0.0737544
1.54	0.873612	0.0736119
1.55	0.87347	0.0734697
1.56	0.873328	0.0733279
1.57	0.873186	0.0731864
1.58	0.873045	0.0730452
1.59	0.872904	0.0729043
1.6	0.872764	0.0727637
1.61	0.872623	0.0726235
1.62	0.872484	0.0724835
1.63	0.872344	0.0723439
1.64	0.872205	0.0722046
1.65	0.872066	0.0720656
1.66	0.871927	0.071927
1.67	0.871789	0.0717886
1.68	0.871651	0.0716506
1.69	0.871513	0.0715128
1.7	0.871375	0.0713754
1.71	0.871238	0.0712382
1.72	0.871101	0.0711014
1.73	0.870965	0.0709649
1.74	0.870829	0.0708287
1.75	0.870693	0.0706928
1.76	0.870557	0.0705572
1.77	0.870422	0.0704219
1.78	0.870287	0.0702869
1.79	0.870152	0.0701522
1.8	0.870018	0.0700178
1.81	0.869884	0.0698838
1.82	0.86975	0.06975
1.83	0.869616	0.0696165
1.84	0.869483	0.0694833
1.85	0.86935	0.0693504
1.86	0.869218	0.0692178
1.87	0.869085	0.0690855
1.88	0.868953	0.0689535
1.89	0.868822	0.0688217
1.9	0.86869	0.0686903
1.91	0.868559	0.0685592
1.92	0.868428	0.0684283
1.93	0.868298	0.0682978
1.94	0.868167	0.0681675
1.95	0.868038	0.0680375
1.96	0.867908	0.0679078
1.97	0.867778	0.0677784
1.98	0.867649	0.0676493
1.99	0.86752	0.0675205
2	0.867392	0.0673919
2.01	0.867264	0.0672637
2.02	0.867136	0.0671357
2.03	0.867008	0.067008
2.04	0.866881	0.0668806
2.05	0.866753	0.0667534
2.06	0.866627	0.0666266
2.07	0.8665	0.0665
2.08	0.866374	0.0663737
2.09	0.866248	0.0662477
2.1	0.866122	0.0661219
2.11	0.865996	0.0659965
2.12	0.865871	0.0658713
2.13	0.865746	0.0657463
2.14	0.865622	0.0656217
2.15	0.865497	0.0654973
2.16	0.865373	0.0653732
2.17	0.865249	0.0652494
2.18	0.865126	0.0651258
2.19	0.865003	0.0650025
2.2	0.86488	0.0648795
2.21	0.864757	0.0647568
2.22	0.864634	0.0646343
2.23	0.864512	0.0645121
2.24	0.86439	0.0643901
2.25	0.864268	0.0642685
2.26	0.864147	0.064147
2.27	0.864026	0.0640259
2.28	0.863905	0.063905
2.29	0.863784	0.0637844
2.3	0.863664	0.063664
2.31	0.863544	0.0635439
2.32	0.863424	0.0634241
2.33	0.863304	0.0633045
2.34	0.863185	0.0631852
2.35	0.863066	0.0630661
2.36	0.862947	0.0629473
2.37	0.862829	0.0628288
2.38	0.86271	0.0627105
2.39	0.862592	0.0625924
2.4	0.862475	0.0624747
2.41	0.862357	0.0623571
2.42	0.86224	0.0622399
2.43	0.862123	0.0621228
2.44	0.862006	0.0620061
2.45	0.86189	0.0618896
2.46	0.861773	0.0617733
2.47	0.861657	0.0616573
2.48	0.861542	0.0615415
2.49	0.861426	0.061426
2.5	0.861311	0.0613108
2.51	0.861196	0.0611958
2.52	0.861081	0.061081
2.53	0.860966	0.0609665
2.54	0.860852	0.0608522
2.55	0.860738	0.0607382
2.56	0.860624	0.0606244
2.57	0.860511	0.0605109
2.58	0.860398	0.0603976
2.59	0.860285	0.0602845
2.6	0.860172	0.0601717
2.61	0.860059	0.0600591
2.62	0.859947	0.0599468
2.63	0.859835	0.0598347
2.64	0.859723	0.0597229
2.65	0.859611	0.0596113
2.66	0.8595	0.0594999
2.67	0.859389	0.0593888
2.68	0.859278	0.0592779
2.69	0.859167	0.0591672
2.7	0.859057	0.0590568
2.71	0.858947	0.0589466
2.72	0.858837	0.0588367
2.73	0.858727	0.0587269
2.74	0.858617	0.0586175
2.75	0.858508	0.0585082
2.76	0.858399	0.0583992
2.77	0.85829	0.0582904
2.78	0.858182	0.0581818
2.79	0.858074	0.0580735
2.8	0.857965	0.0579654
2.81	0.857858	0.0578576
2.82	0.85775	0.0577499
2.83	0.857643	0.0576425
2.84	0.857535	0.0575353
2.85	0.857428	0.0574284
2.86	0.857322	0.0573217
2.87	0.857215	0.0572152
2.88	0.857109	0.0571089
2.89	0.857003	0.0570028
2.9	0.856897	0.056897
2.91	0.856791	0.0567914
2.92	0.856686	0.056686
2.93	0.856581	0.0565809
2.94	0.856476	0.0564759
2.95	0.856371	0.0563712
2.96	0.856267	0.0562667
2.97	0.856162	0.0561625
2.98	0.856058	0.0560584
2.99	0.855955	0.0559546
3	0.855851	0.0558509
3.01	0.855748	0.0557475
3.02	0.855644	0.0556444
3.03	0.855541	0.0555414
3.04	0.855439	0.0554387
3.05	0.855336	0.0553361
3.06	0.855234	0.0552338
3.07	0.855132	0.0551317
3.08	0.85503	0.0550298
3.09	0.854928	0.0549281
3.1	0.854827	0.0548267
3.11	0.854725	0.0547254
3.12	0.854624	0.0546244
3.13	0.854524	0.0545236
3.14	0.854423	0.0544229
3.15	0.854323	0.0543225
3.16	0.854222	0.0542223
3.17	0.854122	0.0541224
3.18	0.854023	0.0540226
3.19	0.853923	0.053923
3.2	0.853824	0.0538237
3.21	0.853725	0.0537245
3.22	0.853626	0.0536256
3.23	0.853527	0.0535268
3.24	0.853428	0.0534283
3.25	0.85333	0.0533299
3.26	0.853232	0.0532318
3.27	0.853134	0.0531339
3.28	0.853036	0.0530362
3.29	0.852939	0.0529387
3.3	0.852841	0.0528413
3.31	0.852744	0.0527442
3.32	0.852647	0.0526473
3.33	0.852551	0.0525506
3.34	0.852454	0.0524541
3.35	0.852358	0.0523578
3.36	0.852262	0.0522617
3.37	0.852166	0.0521658
3.38	0.85207	0.0520701
3.39	0.851975	0.0519746
3.4	0.851879	0.0518792
3.41	0.851784	0.0517841
3.42	0.851689	0.0516892
3.43	0.851594	0.0515945
3.44	0.8515	0.0515
3.45	0.851406	0.0514056
3.46	0.851311	0.0513115
3.47	0.851218	0.0512175
3.48	0.851124	0.0511238
3.49	0.85103	0.0510302
3.5	0.850937	0.0509369
3.51	0.850844	0.0508437
3.52	0.850751	0.0507507
3.53	0.850658	0.0506579
3.54	0.850565	0.0505653
3.55	0.850473	0.0504729
3.56	0.850381	0.0503807
3.57	0.850289	0.0502886
3.58	0.850197	0.0501968
3.59	0.850105	0.0501051
3.6	0.850014	0.0500137
3.61	0.849922	0.0499224
3.62	0.849831	0.0498313
3.63	0.84974	0.0497404
3.64	0.84965	0.0496497
3.65	0.849559	0.0495592
3.66	0.849469	0.0494688
3.67	0.849379	0.0493786
3.68	0.849289	0.0492887
3.69	0.849199	0.0491989
3.7	0.849109	0.0491093
3.71	0.84902	0.0490198
3.72	0.848931	0.0489306
3.73	0.848842	0.0488415
3.74	0.848753	0.0487526
3.75	0.848664	0.0486639
3.76	0.848575	0.0485754
3.77	0.848487	0.0484871
3.78	0.848399	0.0483989
3.79	0.848311	0.0483109
3.8	0.848223	0.0482231
3.81	0.848136	0.0481355
3.82	0.848048	0.0480481
3.83	0.847961	0.0479608
3.84	0.847874	0.0478737
3.85	0.847787	0.0477868
3.86	0.8477	0.0477001
3.87	0.847614	0.0476135
3.88	0.847527	0.0475271
3.89	0.847441	0.0474409
3.9	0.847355	0.0473549
3.91	0.847269	0.047269
3.92	0.847183	0.0471834
3.93	0.847098	0.0470978
3.94	0.847013	0.0470125
3.95	0.846927	0.0469273
3.96	0.846842	0.0468423
3.97	0.846758	0.0467575
3.98	0.846673	0.0466729
3.99	0.846588	0.0465884
4	0.846504	0.0465041
4.01	0.84642	0.0464199
4.02	0.846336	0.046336
4.03	0.846252	0.0462522
4.04	0.846169	0.0461685
4.05	0.846085	0.0460851
4.06	0.846002	0.0460018
4.07	0.845919	0.0459187
4.08	0.845836	0.0458357
4.09	0.845753	0.0457529
4.1	0.84567	0.0456703
4.11	0.845588	0.0455878
4.12	0.845506	0.0455055
4.13	0.845423	0.0454234
4.14	0.845341	0.0453415
4.15	0.84526	0.0452597
4.16	0.845178	0.045178
4.17	0.845097	0.0450966
4.18	0.845015	0.0450152
4.19	0.844934	0.0449341
4.2	0.844853	0.0448531
4.21	0.844772	0.0447723
4.22	0.844692	0.0446916
4.23	0.844611	0.0446112
4.24	0.844531	0.0445308
4.25	0.844451	0.0444506
4.26	0.844371	0.0443706
4.27	0.844291	0.0442908
4.28	0.844211	0.0442111
4.29	0.844132	0.0441316
4.3	0.844052	0.0440522
4.31	0.843973	0.043973
4.32	0.843894	0.0438939
4.33	0.843815	0.043815
4.34	0.843736	0.0437363
4.35	0.843658	0.0436577
4.36	0.843579	0.0435793
4.37	0.843501	0.043501
4.38	0.843423	0.0434229
4.39	0.843345	0.0433449
4.4	0.843267	0.0432671
4.41	0.843189	0.0431894
4.42	0.843112	0.0431119
4.43	0.843035	0.0430346
4.44	0.842957	0.0429574
4.45	0.84288	0.0428804
4.46	0.842803	0.0428035
4.47	0.842727	0.0427268
4.48	0.84265	0.0426502
4.49	0.842574	0.0425738
4.5	0.842497	0.0424975
4.51	0.842421	0.0424214
4.52	0.842345	0.0423454
4.53	0.84227	0.0422696
4.54	0.842194	0.0421939
4.55	0.842118	0.0421184
4.56	0.842043	0.042043
4.57	0.841968	0.0419678
4.58	0.841893	0.0418927
4.59	0.841818	0.0418178
4.6	0.841743	0.041743
4.61	0.841668	0.0416684
4.62	0.841594	0.0415939
4.63	0.84152	0.0415196
4.64	0.841445	0.0414454
4.65	0.841371	0.0413713
4.66	0.841297	0.0412974
4.67	0.841224	0.0412237
4.68	0.84115	0.0411501
4.69	0.841077	0.0410766
4.7	0.841003	0.0410033
4.71	0.84093	0.0409301
4.72	0.840857	0.0408571
4.73	0.840784	0.0407842
4.74	0.840711	0.0407115
4.75	0.840639	0.0406389
4.76	0.840566	0.0405664
4.77	0.840494	0.0404941
4.78	0.840422	0.0404219
4.79	0.84035	0.0403499
4.8	0.840278	0.040278
4.81	0.840206	0.0402063
4.82	0.840135	0.0401347
4.83	0.840063	0.0400632
4.84	0.839992	0.0399919
4.85	0.839921	0.0399207
4.86	0.83985	0.0398497
4.87	0.839779	0.0397788
4.88	0.839708	0.039708
4.89	0.839637	0.0396374
4.9	0.839567	0.0395669
4.91	0.839497	0.0394965
4.92	0.839426	0.0394263
4.93	0.839356	0.0393562
4.94	0.839286	0.0392863
4.95	0.839216	0.0392165
4.96	0.839147	0.0391468
4.97	0.839077	0.0390773
4.98	0.839008	0.0390079
4.99	0.838939	0.0389386
5	0.83887	0.0388695
5.01	0.838801	0.0388005
5.02	0.838732	0.0387317
5.03	0.838663	0.0386629
5.04	0.838594	0.0385944
5.05	0.838526	0.0385259
5.06	0.838458	0.0384576
5.07	0.838389	0.0383894
5.08	0.838321	0.0383213
5.09	0.838253	0.0382534
5.1	0.838186	0.0381856
5.11	0.838118	0.038118
5.12	0.83805	0.0380504
5.13	0.837983	0.037983
5.14	0.837916	0.0379158
5.15	0.837849	0.0378486
5.16	0.837782	0.0377816
5.17	0.837715	0.0377148
5.18	0.837648	0.037648
5.19	0.837581	0.0375814
5.2	0.837515	0.0375149
5.21	0.837449	0.0374486
5.22	0.837382	0.0373823
5.23	0.837316	0.0373162
5.24	0.83725	0.0372503
5.25	0.837184	0.0371844
5.26	0.837119	0.0371187
5.27	0.837053	0.0370531
5.28	0.836988	0.0369876
5.29	0.836922	0.0369223
5.3	0.836857	0.0368571
5.31	0.836792	0.036792
5.32	0.836727	0.0367271
5.33	0.836662	0.0366622
5.34	0.836598	0.0365975
5.35	0.836533	0.0365329
5.36	0.836468	0.0364685
5.37	0.836404	0.0364041
5.38	0.83634	0.0363399
5.39	0.836276	0.0362758
5.4	0.836212	0.0362119
5.41	0.836148	0.036148
5.42	0.836084	0.0360843
5.43	0.836021	0.0360207
5.44	0.835957	0.0359573
5.45	0.835894	0.0358939
5.46	0.835831	0.0358307
5.47	0.835768	0.0357676
5.48	0.835705	0.0357046
5.49	0.835642	0.0356417
5.5	0.835579	0.035579
5.51	0.835516	0.0355164
5.52	0.835454	0.0354539
5.53	0.835391	0.0353915
5.54	0.835329	0.0353292
5.55	0.835267	0.0352671
5.56	0.835205	0.035205
5.57	0.835143	0.0351431
5.58	0.835081	0.0350813
5.59	0.83502	0.0350197
5.6	0.834958	0.0349581
5.61	0.834897	0.0348967
5.62	0.834835	0.0348354
5.63	0.834774	0.0347742
5.64	0.834713	0.0347131
5.65	0.834652	0.0346521
5.66	0.834591	0.0345913
5.67	0.834531	0.0345306
5.68	0.83447	0.0344699
5.69	0.834409	0.0344095
5.7	0.834349	0.0343491
5.71	0.834289	0.0342888
5.72	0.834229	0.0342286
5.73	0.834169	0.0341686
5.74	0.834109	0.0341087
5.75	0.834049	0.0340489
5.76	0.833989	0.0339892
5.77	0.83393	0.0339296
5.78	0.83387	0.0338701
5.79	0.833811	0.0338108
5.8	0.833752	0.0337515
5.81	0.833692	0.0336924
5.82	0.833633	0.0336334
5.83	0.833574	0.0335745
5.84	0.833516	0.0335157
5.85	0.833457	0.033457
5.86	0.833398	0.0333984
5.87	0.83334	0.03334
5.88	0.833282	0.0332816
5.89	0.833223	0.0332234
5.9	0.833165	0.0331653
5.91	0.833107	0.0331073
5.92	0.833049	0.0330494
5.93	0.832992	0.0329916
5.94	0.832934	0.0329339
5.95	0.832876	0.0328763
5.96	0.832819	0.0328188
5.97	0.832761	0.0327615
5.98	0.832704	0.0327042
5.99	0.832647	0.0326471
6	0.83259	0.0325901
6.01	0.832533	0.0325331
6.02	0.832476	0.0324763
6.03	0.83242	0.0324196
6.04	0.832363	0.032363
6.05	0.832307	0.0323065
6.06	0.83225	0.0322501
6.07	0.832194	0.0321939
6.08	0.832138	0.0321377
6.09	0.832082	0.0320816
6.1	0.832026	0.0320257
6.11	0.83197	0.0319698
6.12	0.831914	0.031914
6.13	0.831858	0.0318584
6.14	0.831803	0.0318029
6.15	0.831747	0.0317474
6.16	0.831692	0.0316921
6.17	0.831637	0.0316369
6.18	0.831582	0.0315817
6.19	0.831527	0.0315267
6.2	0.831472	0.0314718
6.21	0.831417	0.031417
6.22	0.831362	0.0313623
6.23	0.831308	0.0313077
6.24	0.831253	0.0312532
6.25	0.831199	0.0311988
6.26	0.831144	0.0311445
6.27	0.83109	0.0310903
6.28	0.831036	0.0310362
6.29	0.830982	0.0309822
6.3	0.830928	0.0309283
6.31	0.830875	0.0308745
6.32	0.830821	0.0308208
6.33	0.830767	0.0307672
6.34	0.830714	0.0307138
6.35	0.83066	0.0306604
6.36	0.830607	0.0306071
6.37	0.830554	0.0305539
6.38	0.830501	0.0305008
6.39	0.830448	0.0304478
6.4	0.830395	0.0303949
6.41	0.830342	0.0303421
6.42	0.830289	0.0302894
6.43	0.830237	0.0302369
6.44	0.830184	0.0301844
6.45	0.830132	0.030132
6.46	0.83008	0.0300797
6.47	0.830027	0.0300275
6.48	0.829975	0.0299754
6.49	0.829923	0.0299234
6.5	0.829871	0.0298715
6.51	0.82982	0.0298197
6.52	0.829768	0.0297679
6.53	0.829716	0.0297163
6.54	0.829665	0.0296648
6.55	0.829613	0.0296134
6.56	0.829562	0.0295621
6.57	0.829511	0.0295108
6.58	0.82946	0.0294597
6.59	0.829409	0.0294086
6.6	0.829358	0.0293577
6.61	0.829307	0.0293068
6.62	0.829256	0.0292561
6.63	0.829205	0.0292054
6.64	0.829155	0.0291549
6.65	0.829104	0.0291044
6.66	0.829054	0.029054
6.67	0.829004	0.0290037
6.68	0.828954	0.0289535
6.69	0.828903	0.0289034
6.7	0.828853	0.0288534
6.71	0.828804	0.0288035
6.72	0.828754	0.0287537
6.73	0.828704	0.028704
6.74	0.828654	0.0286543
6.75	0.828605	0.0286048
6.76	0.828555	0.0285553
6.77	0.828506	0.028506
6.78	0.828457	0.0284567
6.79	0.828408	0.0284075
6.8	0.828358	0.0283585
6.81	0.828309	0.0283095
6.82	0.828261	0.0282606
6.83	0.828212	0.0282118
6.84	0.828163	0.028163
6.85	0.828114	0.0281144
6.86	0.828066	0.0280659
6.87	0.828017	0.0280174
6.88	0.827969	0.0279691
6.89	0.827921	0.0279208
6.9	0.827873	0.0278726
6.91	0.827825	0.0278245
6.92	0.827777	0.0277765
6.93	0.827729	0.0277286
6.94	0.827681	0.0276808
6.95	0.827633	0.027633
6.96	0.827585	0.0275854
6.97	0.827538	0.0275378
6.98	0.82749	0.0274904
6.99	0.827443	0.027443
7	0.827396	0.0273957
7.01	0.827348	0.0273485
7.02	0.827301	0.0273013
7.03	0.827254	0.0272543
7.04	0.827207	0.0272073
7.05	0.82716	0.0271605
7.06	0.827114	0.0271137
7.07	0.827067	0.027067
7.08	0.82702	0.0270204
7.09	0.826974	0.0269739
7.1	0.826927	0.0269275
7.11	0.826881	0.0268811
7.12	0.826835	0.0268349
7.13	0.826789	0.0267887
7.14	0.826743	0.0267426
7.15	0.826697	0.0266966
7.16	0.826651	0.0266507
7.17	0.826605	0.0266048
7.18	0.826559	0.0265591
7.19	0.826513	0.0265134
7.2	0.826468	0.0264678
7.21	0.826422	0.0264223
7.22	0.826377	0.0263769
7.23	0.826332	0.0263316
7.24	0.826286	0.0262863
7.25	0.826241	0.0262411
7.26	0.826196	0.0261961
7.27	0.826151	0.0261511
7.28	0.826106	0.0261061
7.29	0.826061	0.0260613
7.3	0.826017	0.0260166
7.31	0.825972	0.0259719
7.32	0.825927	0.0259273
7.33	0.825883	0.0258828
7.34	0.825838	0.0258384
7.35	0.825794	0.025794
7.36	0.82575	0.0257497
7.37	0.825706	0.0257056
7.38	0.825661	0.0256615
7.39	0.825617	0.0256174
7.4	0.825573	0.0255735
7.41	0.82553	0.0255296
7.42	0.825486	0.0254859
7.43	0.825442	0.0254422
7.44	0.825399	0.0253985
7.45	0.825355	0.025355
7.46	0.825312	0.0253115
7.47	0.825268	0.0252681
7.48	0.825225	0.0252248
7.49	0.825182	0.0251816
7.5	0.825138	0.0251385
7.51	0.825095	0.0250954
7.52	0.825052	0.0250524
7.53	0.82501	0.0250095
7.54	0.824967	0.0249667
7.55	0.824924	0.0249239
7.56	0.824881	0.0248813
7.57	0.824839	0.0248387
7.58	0.824796	0.0247962
7.59	0.824754	0.0247537
7.6	0.824711	0.0247113
7.61	0.824669	0.0246691
7.62	0.824627	0.0246269
7.63	0.824585	0.0245847
7.64	0.824543	0.0245427
7.65	0.824501	0.0245007
7.66	0.824459	0.0244588
7.67	0.824417	0.024417
7.68	0.824375	0.0243752
7.69	0.824334	0.0243335
7.7	0.824292	0.0242919
7.71	0.82425	0.0242504
7.72	0.824209	0.024209
7.73	0.824168	0.0241676
7.74	0.824126	0.0241263
7.75	0.824085	0.0240851
7.76	0.824044	0.0240439
7.77	0.824003	0.0240029
7.78	0.823962	0.0239619
7.79	0.823921	0.0239209
7.8	0.82388	0.0238801
7.81	0.823839	0.0238393
7.82	0.823799	0.0237986
7.83	0.823758	0.023758
7.84	0.823717	0.0237174
7.85	0.823677	0.023677
7.86	0.823637	0.0236365
7.87	0.823596	0.0235962
7.88	0.823556	0.023556
7.89	0.823516	0.0235158
7.9	0.823476	0.0234757
7.91	0.823436	0.0234356
7.92	0.823396	0.0233956
7.93	0.823356	0.0233558
7.94	0.823316	0.0233159
7.95	0.823276	0.0232762
7.96	0.823236	0.0232365
7.97	0.823197	0.0231969
7.98	0.823157	0.0231574
7.99	0.823118	0.0231179
8	0.823078	0.0230785
8.01	0.823039	0.0230392
8.02	0.823	0.0229999
8.03	0.822961	0.0229607
8.04	0.822922	0.0229216
8.05	0.822883	0.0228826
8.06	0.822844	0.0228436
8.07	0.822805	0.0228047
8.08	0.822766	0.0227659
8.09	0.822727	0.0227271
8.1	0.822688	0.0226885
8.11	0.82265	0.0226498
8.12	0.822611	0.0226113
8.13	0.822573	0.0225728
8.14	0.822534	0.0225344
8.15	0.822496	0.0224961
8.16	0.822458	0.0224578
8.17	0.82242	0.0224196
8.18	0.822381	0.0223815
8.19	0.822343	0.0223434
8.2	0.822305	0.0223054
8.21	0.822267	0.0222675
8.22	0.82223	0.0222296
8.23	0.822192	0.0221918
8.24	0.822154	0.0221541
8.25	0.822116	0.0221164
8.26	0.822079	0.0220788
8.27	0.822041	0.0220413
8.28	0.822004	0.0220039
8.29	0.821966	0.0219665
8.3	0.821929	0.0219292
8.31	0.821892	0.0218919
8.32	0.821855	0.0218547
8.33	0.821818	0.0218176
8.34	0.821781	0.0217806
8.35	0.821744	0.0217436
8.36	0.821707	0.0217067
8.37	0.82167	0.0216698
8.38	0.821633	0.021633
8.39	0.821596	0.0215963
8.4	0.82156	0.0215597
8.41	0.821523	0.0215231
8.42	0.821487	0.0214866
8.43	0.82145	0.0214501
8.44	0.821414	0.0214137
8.45	0.821377	0.0213774
8.46	0.821341	0.0213411
8.47	0.821305	0.0213049
8.48	0.821269	0.0212688
8.49	0.821233	0.0212327
8.5	0.821197	0.0211967
8.51	0.821161	0.0211608
8.52	0.821125	0.0211249
8.53	0.821089	0.0210891
8.54	0.821053	0.0210534
8.55	0.821018	0.0210177
8.56	0.820982	0.0209821
8.57	0.820947	0.0209465
8.58	0.820911	0.020911
8.59	0.820876	0.0208756
8.6	0.82084	0.0208402
8.61	0.820805	0.0208049
8.62	0.82077	0.0207697
8.63	0.820735	0.0207345
8.64	0.820699	0.0206994
8.65	0.820664	0.0206644
8.66	0.820629	0.0206294
8.67	0.820594	0.0205945
8.68	0.82056	0.0205596
8.69	0.820525	0.0205248
8.7	0.82049	0.0204901
8.71	0.820455	0.0204554
8.72	0.820421	0.0204208
8.73	0.820386	0.0203862
8.74	0.820352	0.0203518
8.75	0.820317	0.0203173
8.76	0.820283	0.020283
8.77	0.820249	0.0202487
8.78	0.820214	0.0202144
8.79	0.82018	0.0201802
8.8	0.820146	0.0201461
8.81	0.820112	0.0201121
8.82	0.820078	0.0200781
8.83	0.820044	0.0200441
8.84	0.82001	0.0200102
8.85	0.819976	0.0199764
8.86	0.819943	0.0199427
8.87	0.819909	0.019909
8.88	0.819875	0.0198753
8.89	0.819842	0.0198417
8.9	0.819808	0.0198082
8.91	0.819775	0.0197748
8.92	0.819741	0.0197414
8.93	0.819708	0.019708
8.94	0.819675	0.0196747
8.95	0.819642	0.0196415
8.96	0.819608	0.0196084
8.97	0.819575	0.0195753
8.98	0.819542	0.0195422
8.99	0.819509	0.0195092
9	0.819476	0.0194763
9.01	0.819443	0.0194434
9.02	0.819411	0.0194106
9.03	0.819378	0.0193779
9.04	0.819345	0.0193452
9.05	0.819313	0.0193125
9.06	0.81928	0.01928
9.07	0.819247	0.0192474
9.08	0.819215	0.019215
9.09	0.819183	0.0191826
9.1	0.81915	0.0191502
9.11	0.819118	0.0191179
9.12	0.819086	0.0190857
9.13	0.819054	0.0190535
9.14	0.819021	0.0190214
9.15	0.818989	0.0189893
9.16	0.818957	0.0189573
9.17	0.818925	0.0189254
9.18	0.818893	0.0188935
9.19	0.818862	0.0188617
9.2	0.81883	0.0188299
9.21	0.818798	0.0187982
9.22	0.818766	0.0187665
9.23	0.818735	0.0187349
9.24	0.818703	0.0187033
9.25	0.818672	0.0186718
9.26	0.81864	0.0186404
9.27	0.818609	0.018609
9.28	0.818578	0.0185777
9.29	0.818546	0.0185464
9.3	0.818515	0.0185152
9.31	0.818484	0.018484
9.32	0.818453	0.0184529
9.33	0.818422	0.0184218
9.34	0.818391	0.0183908
9.35	0.81836	0.0183599
9.36	0.818329	0.018329
9.37	0.818298	0.0182981
9.38	0.818267	0.0182674
9.39	0.818237	0.0182366
9.4	0.818206	0.018206
9.41	0.818175	0.0181753
9.42	0.818145	0.0181448
9.43	0.818114	0.0181143
9.44	0.818084	0.0180838
9.45	0.818053	0.0180534
9.46	0.818023	0.018023
9.47	0.817993	0.0179927
9.48	0.817962	0.0179625
9.49	0.817932	0.0179323
9.5	0.817902	0.0179022
9.51	0.817872	0.0178721
9.52	0.817842	0.017842
9.53	0.817812	0.0178121
9.54	0.817782	0.0177821
9.55	0.817752	0.0177523
9.56	0.817722	0.0177224
9.57	0.817693	0.0176927
9.58	0.817663	0.017663
9.59	0.817633	0.0176333
9.6	0.817604	0.0176037
9.61	0.817574	0.0175741
9.62	0.817545	0.0175446
9.63	0.817515	0.0175152
9.64	0.817486	0.0174857
9.65	0.817456	0.0174564
9.66	0.817427	0.0174271
9.67	0.817398	0.0173978
9.68	0.817369	0.0173686
9.69	0.817339	0.0173395
9.7	0.81731	0.0173104
9.71	0.817281	0.0172814
9.72	0.817252	0.0172524
9.73	0.817223	0.0172234
9.74	0.817195	0.0171945
9.75	0.817166	0.0171657
9.76	0.817137	0.0171369
9.77	0.817108	0.0171082
9.78	0.817079	0.0170795
9.79	0.817051	0.0170508
9.8	0.817022	0.0170222
9.81	0.816994	0.0169937
9.82	0.816965	0.0169652
9.83	0.816937	0.0169368
9.84	0.816908	0.0169084
9.85	0.81688	0.01688
9.86	0.816852	0.0168517
9.87	0.816824	0.0168235
9.88	0.816795	0.0167953
9.89	0.816767	0.0167672
9.9	0.816739	0.0167391
9.91	0.816711	0.016711
9.92	0.816683	0.016683
9.93	0.816655	0.0166551
9.94	0.816627	0.0166272
9.95	0.816599	0.0165994
9.96	0.816572	0.0165716
9.97	0.816544	0.0165438
9.98	0.816516	0.0165161
9.99	0.816488	0.0164884
10	0.816461	0.0164608
